35
58
41
20
74
31
42
59
90
19
79
77
52
61
68
24
22
93
71
34
57
34
48
76
99
27
20
75
82
56
90
93
78
63
70
82
60
35
75
8
76
92
88
36
52
99
57
2
1
30
3
18
85
63
53
24
73
46
16
0
34
41
65
79
23
20
94
78
53
60
23
68
65
26
5
10
77
7
96
45
53
91
8
80
16
37
37
2
88
30
40
62
82
96
86
53
57
63
31
44
72
4
21
54
66
46
26
45
86
98
76
72
7
44
48
31
74
39
4
27
81
83
45
63
38
73
91
24
89
90
51
99
78
73
7
84
18
67
92
3
48
96
16
40
19
79
29
37
90
33
54
86
51
34
29
60
59
0
85
63
86
92
36
53
74
54
16
80
15
65
93
69
70
67
42
41
68
54
77
80
5
27
56
69
87
42
10
97
5
86
40
20
73
90
52
0
37
12
12
67
38
81
39
79
1
57
73
75
23
20
67
1
30
42
40
34
36
27
86
38
79
14
61
73
62
63
82
85
15
86
62
73
97
50
84
88
96
89
29
38
75
54
87
20
86
41
8
47
0
38
39
31
90
80
82
7
60
87
54
44
99
64
64
93
24
32
70
42
20
68
26
34
45
31
9
17
32
0
22
38
39
50
63
11
21
93
73
10
64
35
48
28
54
78
49
65
42
52
80
67
9
73
52
34
4
19
85
87
73
40
12
43
6
67
4
3
97
72
64
38
57
37
60
15
19
37
46
91
64
61
54
80
6
28
87
15
53
47
87
80
17
60
40
68
77
89
57
15
81
13
25
86
52
56
34
59
71
64
49
44
94
39
7
17
32
69
83
89
80
37
99
66
43
36
68
55
83
77
98
43
14
29
19
84
16
45
62
77
97
56
19
36
59
94
77
66
78
81
84
72
32
79
89
34
11
25
55
82
81
87
87
35
76
3
9
98
42
54
52
33
26
92
48
78
11
63
79
3
77
19
7
79
46
85
73
59
18
57
61
63
18
33
96
58
50
67
93
65
77
94
65
15
89
60
97
56
27
9
45
55
36
23
62
0
81
98
16
7
68
79
9
51
99
29
17
70
32
33
66
57
94
73
3
58
32
60
20
20
7
25
24
3
36
42
95
93
58
54
32
56
41
12
57
33
52
82
54
9
92
22
88
86
93
24
23
91
32
5
74
27
6
66
78
51
33
3
48
19
84
17
18
12
19
26
60
67
28
56
63
72
67
33
51
27
57
10
98
58
15
50
84
37
73
12
88
51
54
10
31
42
92
16
55
25
33
64
74
79
39
52
49
70
44
11
83
65
35
87
78
23
77
31
69
78
47
39
46
11
67
16
86
62
74
38
33
7
81
51
20
66
18
25
94
41
9
11
40
52
26
76
69
6
89
60
80
81
21
88
65
90
53
12
19
82
9
31
66
52
71
89
48
64
21
28
3
3
62
33
79
44
23
88
86
11
96
62
7
52
19
58
3
37
60
74
5
43
1
8
45
7
85
25
11
41
99
39
25
29
72
89
22
97
45
99
96
93
50
73
97
57
80
41
69
52
79
51
79
90
48
39
78
7
44
48
93
4
21
36
26
15
19
72
90
74
97
46
17
33
42
71
70
41
41
30
20
55
43
74
47
32
99
27
88
5
47
32
11
31
87
55
88
5
54
81
4
73
79
92
80
27
40
18
38
79
25
72
95
18
24
83
12
56
1
33
49
9
27
20
79
64
80
94
41
99
38
96
14
60
78
97
97
59
17
49
52
57
80
15
49
0
69
62
10
45
52
79
48
79
99
8
79
56
44
79
67
84
2
42
42
8
7
49
64
65
89
13
59
53
16
0
88
83
98
44
73
22
44
84
89
62
45
65
89
59
84
97
93
65
55
54
2
57
69
97
61
68
75
69
4
93
27
25
63
97
72
68
69
12
26
29
60
91
57
6
55
92
56
65
63
2
44
48
44
82
57
84
16
45
8
21
64
31
65
57
78
95
27
23
30
79
70
53
93
19
36
59
24
17
75
94
69
39
26
49
50
33
90
15
69
60
87
53
51
60
11
85
49
49
38
72
21
87
39
60
9
51
22
28
35
60
50
20
23
76
97
60
34
92
77
56
80
29
25
58
41
11
33
63
76
82
54
59
4
4
85
46
38
82
94
98
66
22
44
79
13
96
92
29
75
12
81
38
58
52
6
43
43
18
22
38
75
44
67
36
8
1
90
4
29
23
41
29
92
35
10
0
47
41
55
17
85
49
27
14
25
20
21
56
63
15
