58
61
86
23
40
50
62
68
99
18
43
85
84
81
73
19
40
97
18
67
29
97
48
43
48
2
7
0
97
80
97
79
91
57
9
11
50
0
60
61
38
49
18
60
91
62
96
42
49
81
58
98
96
52
64
94
4
5
93
68
77
68
67
89
15
62
88
53
12
59
60
73
10
42
45
66
86
19
19
57
77
53
27
28
59
82
74
52
5
35
14
47
91
36
5
56
13
52
17
52
5
85
58
43
90
39
97
68
39
48
46
77
80
75
37
39
60
13
82
96
78
32
13
62
50
4
71
11
14
71
30
37
1
12
2
84
94
6
89
53
74
26
0
22
56
69
72
71
5
27
48
75
0
33
3
32
94
9
84
27
20
91
28
59
5
94
60
83
87
49
68
34
46
79
27
15
51
61
19
21
94
46
48
13
85
72
68
61
91
33
50
51
54
52
83
95
12
65
20
69
76
71
53
83
39
52
21
61
57
6
36
45
53
84
13
9
99
18
96
19
42
46
55
72
41
63
71
12
14
75
89
45
13
3
97
23
97
2
67
99
4
92
49
22
4
28
28
68
18
39
42
23
2
62
12
50
55
58
35
99
64
91
28
84
95
15
28
38
25
3
69
78
74
7
87
85
66
53
97
37
93
36
0
56
59
15
16
88
47
74
56
40
77
93
85
6
65
6
6
73
26
45
83
21
90
2
49
97
84
17
12
69
56
71
64
20
62
83
85
63
81
16
55
38
61
13
28
66
7
72
27
92
92
67
84
57
89
67
73
7
97
23
13
91
15
78
3
75
86
64
53
22
66
50
49
90
88
95
41
29
89
77
94
82
83
20
70
58
49
81
97
91
73
91
68
72
91
51
17
6
67
37
78
26
53
78
65
47
23
3
99
66
20
53
8
60
16
78
55
67
97
65
62
12
8
25
88
88
51
20
13
57
41
62
34
38
6
31
94
90
93
45
95
58
87
24
13
62
7
24
8
69
2
97
16
26
95
77
14
54
35
80
65
59
33
15
50
31
34
40
35
82
87
49
41
56
91
55
85
47
26
26
84
23
78
94
71
14
85
80
34
26
35
54
51
69
66
55
41
17
92
71
53
52
88
91
5
21
6
68
68
35
79
68
93
30
52
68
15
80
27
84
56
69
16
72
88
66
57
24
77
15
44
19
20
47
40
59
71
89
90
56
81
3
29
82
29
29
28
0
99
83
59
22
11
55
58
57
92
23
17
46
44
54
34
80
40
8
15
30
78
31
11
12
9
83
69
48
74
1
23
32
84
44
23
75
13
96
79
65
19
0
86
91
19
1
83
14
57
63
18
90
20
99
79
22
8
98
85
30
62
2
28
10
62
2
15
37
64
74
17
20
24
84
64
16
94
97
90
13
82
35
8
76
39
82
84
44
38
97
27
8
45
59
83
40
33
26
93
22
21
20
83
42
4
51
16
89
17
93
0
5
33
69
9
45
36
76
94
32
27
51
39
43
69
76
73
0
29
4
15
92
56
0
1
19
87
3
65
98
23
78
36
46
28
64
74
96
94
52
23
72
7
89
24
45
56
62
57
96
53
51
29
89
32
87
40
3
41
93
63
12
98
47
30
92
20
17
50
80
19
55
93
15
81
31
82
8
24
37
75
34
15
40
45
39
31
96
79
47
38
7
91
77
84
41
30
99
36
7
77
67
1
5
43
80
18
20
41
38
3
88
80
53
21
30
37
84
51
83
11
33
14
81
56
31
6
4
57
24
38
11
59
4
17
25
50
85
30
57
58
61
14
84
67
89
52
41
5
47
81
46
70
78
48
47
30
84
43
19
14
17
88
61
29
23
99
15
9
77
25
1
84
15
64
29
8
46
91
51
43
36
97
86
38
31
85
24
78
38
97
83
81
32
23
76
11
3
31
52
88
72
18
65
95
90
79
38
91
60
92
94
9
3
23
50
43
6
41
88
91
4
86
59
15
87
79
37
91
42
81
48
4
50
27
56
99
57
37
95
45
63
41
58
86
52
38
20
51
17
68
8
57
77
16
56
19
32
32
79
55
51
8
58
47
23
6
39
33
99
39
29
13
55
0
96
23
71
80
88
16
6
90
44
93
35
13
89
73
49
89
31
10
59
54
79
23
35
44
33
93
22
69
44
80
4
63
44
58
28
31
23
62
55
30
43
10
37
90
47
38
56
0
76
96
72
81
14
16
67
37
15
69
41
67
47
44
38
94
33
97
39
32
29
27
39
17
46
44
59
42
26
49
96
47
91
46
51
5
72
